Nodo_1,Nodo_2,Nodo_3,Nodo_4,Nodo_5,Nodo_6,Nodo_7,Nodo_8,Nodo_9,Nodo_10,Nodo_11,Nodo_12,Nodo_13,Nodo_14,Nodo_15,Nodo_16,Nodo_17,Nodo_18,Nodo_19,Nodo_20,Nodo_21,Nodo_22,Nodo_23,Nodo_24,Nodo_25,Nodo_26,Nodo_27,Nodo_28,Nodo_29,Nodo_30,Nodo_31,Nodo_32,Nodo_33,Nodo_34,Nodo_35,Nodo_36,Nodo_37,Nodo_38,Nodo_39,Nodo_40,Nodo_41,Nodo_42,Nodo_43,Nodo_44,Nodo_45,Nodo_46,Nodo_47,Nodo_48,Nodo_49,Nodo_50,Nodo_51,Nodo_52,Nodo_53,Nodo_54,Nodo_55,Nodo_56,Nodo_57,Nodo_58,Nodo_59,Nodo_60,Nodo_61,Nodo_62,Nodo_63,Nodo_64,Nodo_65,Nodo_66,Nodo_67,Nodo_68,Nodo_69,Nodo_70,Nodo_71,Nodo_72,Nodo_73,Nodo_74,Nodo_75,Nodo_76,Nodo_77,Nodo_78,Nodo_79,Nodo_80,Nodo_81,Nodo_82,Nodo_83,Nodo_84,Nodo_85,Nodo_86,Nodo_87,Nodo_88,Nodo_89,Nodo_90,Nodo_91,Nodo_92,Nodo_93,Nodo_94,Nodo_95,Nodo_96,Nodo_97,Nodo_98,Nodo_99,Nodo_100
0.0,10.66295536187573,16.76949814808153,7.241811245876172,7.027448150393392,7.881141885793459,18.05063645083222,16.077775669760985,8.742454118899444,13.37684994408052,17.206506114838877,11.941579343757226,3.8025041866967144,9.634412860757438,18.887892894671552,16.581219217019797,6.882842809772556,13.45540463278933,17.295816574788127,12.396189658016622,10.778480908787229,7.610654915274196,6.363779990475719,8.807621994085231,15.929218918709163,13.6994464938597,12.614673212515044,5.001306431317468,16.5172449703232,14.600783452728455,13.721273105030349,15.676844768031831,8.498314794721452,5.999064020008434,6.711350289785212,17.56834719357302,8.649395834191667,8.639920698498553,19.77365939430059,16.86130889269627,12.717152467861286,17.9404500072135,12.710274016003206,10.115009478436546,14.942124129618602,7.426130491036426,11.643923876701626,12.758980747958605,11.064968388168937,18.710176247035992,9.925897580001575,9.028050787427505,18.46459865259725,4.020503423173871,17.939849695848014,16.053802258827012,12.677202399941619,5.975099891949249,18.138031164520108,14.200592847872066,9.690192035291002,17.02208753755491,11.065182854336676,10.028294610709711,12.07471654789369,14.74244018478293,13.616161498769102,17.893293763738367,5.941395947923166,0.4896851189792697,19.233505055169076,13.401055474037108,18.56101714964687,10.44661848004236,15.358137308151367,18.625508292614455,10.623632167498863,19.729585843195146,7.6401970495103475,5.427553210705476,6.43116684645138,10.165835069253779,6.7375141236870935,15.47763941115908,10.3880340194222,20.025333455306207,14.938496747802956,16.788655449130975,13.383967537183002,20.63225298730606,16.92249916419782,12.324191326795294,6.418157732864309,12.674955431766715,14.721546204763342,6.351414814683545,13.336781496970916,12.171661489528013,7.88967147805111,11.908628391321681
10.66295536187573,0.0,15.618873555016034,15.93075021087743,3.6535358150512547,17.50713533350119,8.109257323083165,14.832001007668548,9.629122377987768,9.112393699922666,9.644538523884988,10.847867533621551,7.199154019181985,11.960331839218208,11.56932757888859,9.07325721788328,16.43167291274186,6.701055516200503,13.878855124485023,3.370652693637897,13.724754281883268,16.734187780733283,10.602495054611726,9.48040497599359,9.313187326829498,6.3715365958451216,7.55017019663346,7.1726667550748555,16.45910005420631,16.239637879609834,10.096951782914948,5.334497471731572,10.094542011003938,13.772175330184758,16.58965376201348,8.12030934496774,16.738658712817475,2.6892379794941776,10.622620731992807,12.805747089342134,2.9578404474897053,14.008935580425309,10.86937338910972,0.7867191618879885,4.292494389002869,13.814259469407045,0.9894938325025937,2.286749330844755,5.795378716185633,18.57727228088849,15.598489991894363,9.464273329383404,8.058532594123237,7.822059419261252,15.367238906888298,13.217929788918056,6.098634857527154,5.926188176534283,8.46708733949392,3.7660754075691227,6.2320210538854734,13.49280935641126,11.73261153219937,5.623702148561333,16.22169161254007,10.330455543497443,14.597851269866387,7.272621721559736,5.188293056263667,11.12837283747474,8.674676335930803,7.961121538878094,15.08331959056262,3.3414986013909496,16.4556727158486,8.2382191949507,13.24136664696196,9.142705006975351,3.547982576093241,11.300796147435829,8.128085919212133,2.530968310624737,15.049478290041105,12.363358394137403,15.372831011555618,11.809175387285332,8.963413100996563,8.778058143900953,4.37326125850786,10.358776023660688,13.09630325052973,7.069899836734917,10.61494702690378,2.0883794740859387,8.4920622381069,15.434140255198677,3.8095200990779885,10.086133353831853,6.024394046291105,5.026554997004864
16.76949814808153,15.618873555016034,0.0,14.510604972056816,14.908000703303697,16.715840764439882,15.08595169434384,0.7974099812664971,8.144618224017476,6.716594695749267,10.142781175940987,5.216923159818452,14.351512608982686,7.300758696131003,9.95386305799079,10.045742999676301,16.144203128483273,22.30715734483283,3.508280288077512,13.073159549221671,6.892912374058346,15.456599637578048,10.482705076524741,8.127511391183626,8.708071186347668,21.989781260145644,22.9352900320512,18.322820611135114,1.7051757611595275,4.2157582001123775,5.674296892393991,15.49989279101654,8.28959265803195,13.057220254993902,16.88194655829857,13.731332354627112,13.73629704226111,16.84962518043671,13.782205114473859,4.574520120396117,18.3376141766216,4.314007399012494,4.853084226402919,16.038832958278157,17.46917601899503,11.285463372922374,15.742816927682618,15.281935727890229,9.82738714423592,3.0626744092691474,10.09276294100446,7.943881964325062,16.819374553091535,13.364320735459481,2.2730527692850995,2.9758912182251205,21.66421258696093,17.92781769621333,14.416299869176644,18.115970435465783,20.811524232855852,3.719975265949312,5.7047682200943886,20.47345592009357,7.896174935086255,5.964416830918562,3.755768509246357,17.82218763148407,13.67869300626251,17.1101866853334,18.038002271145107,8.133085102581337,3.740926779823731,12.277544090032126,3.397603913318475,16.81400305502324,6.7402396527007555,18.531731791699915,16.771031399436744,11.699315348178454,10.710406349260493,13.098603730797029,13.799804950293353,3.715597666040139,9.151663666382857,11.935273202459909,8.045700384480126,10.884632489454653,12.77578792686265,17.366203281321514,4.203857641728901,22.455816651078294,10.428672364990842,16.768209971619196,8.488089798278088,15.038065880327812,19.15258541623487,5.638428438218987,19.60979047017968,20.565701654422256
7.241811245876172,15.93075021087743,14.510604972056816,0.0,12.491318908619684,2.255594234163491,21.69847008230875,14.064079473933479,8.804775773089945,14.28147767160611,19.15716257983855,11.358487687454424,9.000690487552225,7.775358039869838,20.376864223573303,18.618526636281793,1.678096393448894,20.216558327404258,16.462355257095815,16.36781032071471,7.6284738536899015,1.0185541634382977,6.069828792415649,8.982428271629713,17.532503024262237,20.353981220307208,19.610306632490268,12.057515350148721,13.55600548843009,10.930230141984007,14.084774327413061,19.98787117606047,8.20082048043342,2.2504335308929875,2.465938581254237,20.829343573459585,1.5544664679646998,14.691430688517608,22.5245625376795,16.56132654061257,18.562203013983922,17.30933895394453,12.289505949313511,15.631096835783344,20.081267932599378,3.378700084297732,16.796213856013615,17.54625083215952,13.61048376672009,15.336803378756171,4.67960382405597,9.200673121359522,22.62730009860421,8.147141788993459,16.38730249584299,15.142529318315619,19.419233743148986,12.794978113661337,21.522285433568346,19.69603910086449,16.675836566123866,16.329650393056493,9.63983565483814,16.900429679998265,7.270327047188533,15.266373234422893,10.765688972394164,22.52471066205879,10.762385916059403,7.121913771369018,23.629101563774302,15.023909402664753,17.493217804037467,14.293118364393395,11.870496592036293,22.748941939358875,7.851182027646323,24.171498755354808,13.81808451906753,4.8693778710039215,8.351557416778078,14.432046600209054,0.9497342720532997,14.919166534357707,5.5747055239862116,22.00210845269343,16.395970942490028,19.12111874406393,17.082126720634793,24.45828322129992,16.453945769731558,19.273845132934195,6.091004910377673,18.01210896396322,16.399504181600346,0.9998773959640722,19.31462457860376,12.168126493591032,14.865879509501982,18.518264055645467
7.027448150393392,3.6535358150512547,14.908000703303697,12.491318908619684,0.0,13.951220194767775,11.249656066331926,14.113076243940847,7.56885595294253,9.217765568371727,11.479034049315484,9.737115161671687,3.581522836683686,9.747862375697746,13.356234103750287,10.85120140004935,12.875165763814094,8.355380041478604,13.97696562779707,5.714850479667856,11.488781042921307,13.24239376830903,7.668541820505036,7.471983641780395,10.630608548973127,8.305377056091643,8.416181645086933,4.316104323779149,15.391331977044185,14.579721245971372,10.002729448780325,8.711688662041619,7.864492711612036,10.40912489022126,12.993401504715296,10.96174497779369,13.421777672520161,2.389191641974418,13.343776606633137,13.117254352916019,6.072370178242281,14.332810779987303,10.069289219974637,3.192328768988735,7.945870743787255,10.709025072353231,4.624576880208483,5.74195656444056,5.9250888235998875,17.62988898146299,12.75160556154543,7.542760962605393,11.496078174387002,4.3485733965780256,15.196172438467238,13.03263234089708,7.581147495377501,3.3750778926321527,11.448209469165814,7.321447945808178,5.954112729636362,13.616751648480463,10.05274996550871,5.723510389896995,13.801444734587403,10.627194684249535,13.057653576933141,10.867116388250036,1.833665874321492,7.499115644287481,12.220858587668488,8.538200517390148,15.267898117827627,4.150076496567695,14.986975094480854,11.66389127518103,11.06461609943268,12.71055814041557,1.913772104674015,8.093536971064594,5.40979627996196,3.551669479902264,11.647098468426222,12.237028313875193,12.68407570438768,14.059768791843437,9.920807386682638,10.816894148180134,6.786366195892115,13.720988571302177,13.324823973512885,7.965587895984839,7.69337999285965,5.711016405587422,9.54443415628087,11.92574895187377,6.826027501293644,9.298571251963391,4.718472907154679,6.5226500235056895
7.881141885793459,17.50713533350119,16.715840764439882,2.255594234163491,13.951220194767775,0.0,23.663015298602144,16.287815117473983,10.983806592120573,16.47966148632408,21.309999342424696,13.605091725965671,10.37857031566082,10.029652259484081,22.57194519721215,20.760127393911674,1.0762264948594367,21.26828275431837,18.716474844265203,18.227966235976197,9.852416020989782,1.2620362332131116,8.161784470434748,11.156938757228474,19.704280102160432,21.467983318014475,20.49188154382963,12.875492547304473,15.708012658471628,13.034122814655419,16.31199966072881,21.823711547086166,10.39188391230906,4.317597307357303,1.2481640575385076,22.84517341281442,3.138422415014061,16.01843084684147,24.615235667408268,18.815555500360144,20.000993688013697,19.564536489630214,14.536122503863805,17.13659903981837,21.7350962865137,5.633302271802158,18.413397204432602,19.25869400996987,15.642446303810882,17.416198226494362,6.742167786201991,11.380564660691222,24.510461595508108,9.689780887875866,18.622287956672004,17.3971825195027,20.47994883997112,13.772737078051192,23.525291671111432,21.251145560842403,17.56221919172783,18.584982358407316,11.894889784245036,17.870518136511134,9.281856579260726,17.492705690062166,12.963045714859703,24.31431702131036,12.321076086236639,7.6290662204939474,25.473956899985954,17.173712429517536,19.741492417013234,16.142808457150096,13.98260758305282,24.64003648756361,10.091997152726968,26.010202102154484,15.087913379995866,6.865656887740263,10.301341529124803,16.20703780699039,3.1302520446366446,17.174186918484317,7.670508314377012,24.167013098266096,18.571279785219435,21.237172775078154,18.99791312466341,26.41041338708957,18.709334983041394,20.19315841946418,8.18875693239291,19.59543212722309,18.55688672694799,2.181253854834709,20.71455632782995,14.399104800031791,15.75543833147367,19.648318718063745
18.05063645083222,8.109257323083165,15.08595169434384,21.69847008230875,11.249656066331926,23.663015298602144,0.0,14.4809148995032,13.33251894848735,9.047925282512182,5.121228330260884,12.411438716443561,14.27353369591222,15.335215471410757,6.30099804906756,5.0722367838691005,22.635964323432802,12.384823105154416,11.964446880776606,5.656624853597324,16.798918641442846,22.649836691224117,15.663454668481325,13.141403529941897,6.378621148079834,11.75684493847493,13.973759570680027,15.239593233874764,16.54798781255472,17.654980592082637,9.9406103527186,2.9150654313469055,13.960700719714946,19.450230656388296,22.99180340160688,1.3667244617767196,22.05629559003119,10.793543009636458,3.104516505856379,10.719185324633047,8.31980841392828,11.551082729992837,11.818443949729543,8.879939076035216,5.382936436590764,18.803879015081392,7.219043464013549,5.84152100550361,8.14267250596122,18.070892796323918,19.76459740117889,12.981038290016617,1.8293861717777875,14.433093096261222,13.699729106886391,12.113020561545088,12.213268417578057,14.018529466569701,0.8245509747909173,6.73171428723312,13.807649207756985,11.625454997804901,14.12550831733345,13.086789569495872,19.321567578693333,9.232063591329204,16.04761072078066,3.3223581886142686,12.113069005728399,18.538735861388755,2.9985699874578895,7.665592401798789,12.682748495985885,7.674608199546767,17.41938516094698,1.7733428210714761,16.281748370404244,3.4594627172143717,11.643604807897406,16.835259586859163,13.365646014518903,7.884885831720092,20.75070221560753,11.39084028939544,19.19337043811949,5.240960243132824,7.129984572607125,4.234615476753785,4.721014110044777,2.767189878417639,11.108515551731564,13.572786540970375,15.649072225454704,6.926324647811719,6.760140061567618,21.483344244066807,8.622840395607264,11.315503601091766,14.019412688936804,11.515061009601634
16.077775669760985,14.832001007668548,0.7974099812664971,14.064079473933479,14.113076243940847,16.287815117473983,14.4809148995032,0.0,7.4120999976566075,5.973421652345891,9.604440510060929,4.43539595888652,13.596714912522874,6.693920865193091,9.540664470457061,9.47115205657674,15.67947978035651,21.51742758492737,3.2334323828041764,12.317023367025158,6.436377040634294,15.026147960596038,9.826927525530632,7.387496431930047,8.114724983431335,21.203388404544317,22.139367918791837,17.548645060194346,2.091062501119343,4.177084527167895,4.931084689698734,14.806250847509856,7.583859788571253,12.532029211251432,16.40480485746606,13.133979233512436,13.356746590106178,16.052266156618927,13.293288756341223,4.158333000554962,17.56165550290091,4.104793730227911,4.055762467588854,15.247112414641395,16.73552994468924,10.79156129473506,14.965854197495073,14.523325659259616,9.04332826093658,3.7980996644719784,9.743143729421224,7.198175278210505,16.19442752023683,12.622909515474062,2.3899460173411176,2.441606854979446,20.8722533027234,17.142302155139237,13.829349442144457,17.362532181912176,20.014561944861413,3.3714475723773445,5.027946747673738,19.67604599258052,7.671511764739981,5.297156144330554,3.4061119025168334,17.159399634504027,12.893793338327091,16.42692610433419,17.414975538315915,7.404986023892404,3.742386201854806,11.491156033261259,3.479091293756366,16.195009835504035,6.236219758594359,17.91541079406905,15.97463245535505,11.073583438648845,9.964429793908211,12.309774014590937,13.324617135763114,3.0908585140661207,8.808998160731567,11.527748212641596,7.396229804422861,10.30605028769488,12.04347815151147,16.81385289771038,3.8125624444249473,21.660016453327696,9.773267845883154,16.000296411681713,7.824785589707027,14.553213322741852,18.379179692819125,4.8410232731158365,18.81653458686063,19.773196360383732
8.742454118899444,9.629122377987768,8.144618224017476,8.804775773089945,7.56885595294253,10.983806592120573,13.33251894848735,7.4120999976566075,0.0,5.504627503613726,10.358565934720026,3.2100155709884834,6.24913575525832,2.3351052340909804,11.58992751058499,9.83080743378204,10.083842474719662,15.783488980619495,8.62473496456458,8.621585507987401,4.0957509523437725,9.815918882692008,2.960177049206108,0.19117713043157328,8.727771173215565,15.635786688224377,15.980646160721836,10.340876510891515,8.192446916879753,7.0289358001117925,5.450671804164602,12.14732216331085,0.6323536451960976,6.677580063888663,10.640449245727721,12.314397639913214,8.866410068627987,9.85757663667004,13.80780782101828,8.344431341794524,12.586764054384204,9.332217982295864,4.032964841428441,9.729905915860956,13.008075164365934,5.599569664368225,10.179827910798583,10.398289596902481,5.240584072843548,10.456993194412547,6.472641864399014,0.39677237431984547,14.523779112140623,5.224107883497976,9.19741579407257,7.348532646470329,15.03960084332901,10.128268133074474,13.037070362948208,13.086951540468451,13.469172919246564,8.380226788213141,2.60162054323664,13.287037044752813,6.61748167271191,6.609142924951885,5.5766506858580325,14.774476082907544,5.976724239622989,9.123090722633805,15.640387147689209,6.23358302012722,9.861846878720918,6.804729067502304,7.503898006910587,14.614399141995587,3.6146796506958014,16.192471038428476,9.476584308739833,4.367767902249366,2.591095695570601,7.3264543510610896,7.872820362251695,6.840265676860927,6.009567242673752,13.197598686436873,7.59170613288885,10.36960136716332,9.039947982556388,16.09162388494794,8.345593403107905,15.52546373153196,2.918652685350699,11.42469620838505,7.599786044056668,8.867972444789242,13.437588014833496,3.628378719066988,12.019187267742167,13.947348567854739
13.37684994408052,9.112393699922666,6.716594695749267,14.28147767160611,9.217765568371727,16.47966148632408,9.047925282512182,5.973421652345891,5.504627503613726,0.0,5.038934955758853,3.4593976045392445,9.987107955426994,6.852899223468622,6.09543297444165,4.603034745401408,15.58816493942864,15.805034590562599,4.8264151176483345,6.365251827900703,8.028899995967475,15.297134013857505,8.428680391339975,5.338674505351002,3.3355581072350176,15.438034487164686,16.60731409989301,13.255343762404705,7.876470621446426,8.627791724823892,1.042642627879935,8.922875819895141,6.087849763265802,12.180603295807687,16.141895098316272,7.794912350044871,14.213987335519107,10.745566037949834,8.727181248459273,3.8996711165497318,11.698745110812213,5.116921414042844,2.776136136602744,9.627561584245038,10.763517619660739,10.994944119160548,9.120995100936867,8.57677800937464,3.4131821861320346,9.769634006469687,11.3109513175187,5.108638219455169,10.611121148641564,9.387159875812268,6.255263715078985,4.109968045429947,15.21055372680534,12.540707989466734,8.532428355237574,11.402063543262239,14.79129811609407,4.450241519415254,5.302184016406595,14.347330019145478,10.43966964431364,1.4325135557704907,7.003276047355093,11.381651986207116,8.534957048145131,13.824971702865676,11.82461551065596,1.4653264412408606,6.089332862040795,5.815867744018811,8.464972348587175,10.64408113274009,7.535036087184176,12.353763532187127,10.894780318415187,9.825437903392709,7.033011166795473,6.66843117420156,13.359091712831585,3.253009752242047,10.597446705908771,7.782840201996224,2.2102526821544934,5.296436090472267,6.073863000185204,11.646651823822296,4.119101589950236,16.124792557458832,8.3917812314763,10.089598875578808,2.390640898219502,14.372194705863503,12.496038539743578,2.3749368778918756,13.868096406631972,14.13208489081348
17.206506114838877,9.644538523884988,10.142781175940987,19.15716257983855,11.479034049315484,21.309999342424696,5.121228330260884,9.604440510060929,10.358565934720026,5.038934955758853,0.0,8.457645360712425,13.486877926284574,11.885906101215816,1.9272048492869815,0.6336161025812994,20.37178789776466,15.623101177542235,6.884687195044021,6.278049322209158,13.047554311433633,20.164114986131736,13.159293934602331,10.177983451728098,1.713840304337503,15.093208747811788,16.893992273000208,15.795102001644892,11.694759733609025,13.148185665817207,5.632050665641565,6.518285731827729,10.973960295763906,16.992427677035668,20.8706453853783,3.7618179261811893,19.18762772836749,12.084114780469353,3.783307474511584,5.655285003911877,11.249149184444603,6.433480627581013,7.669823478907742,10.387577981317083,9.087427598007634,15.939454467059104,9.133995438124277,7.97803502827695,6.14294224150903,13.057326716796807,16.349672979004023,9.964704231607033,6.939492431791501,13.219187224235947,8.611757819854965,7.176704528827829,15.231790002406232,14.781792303162169,4.370282144993164,10.201743664614188,15.876451557970015,6.561909108254116,10.325701625197121,15.260286103929294,15.40051145329848,4.634734604858946,11.649784900578158,8.242957274023645,11.562021540793504,17.686118984528512,8.119313041972273,4.136287867558649,7.561798751564216,7.330863971731423,12.775030922197189,6.894202930598875,12.560902113256349,8.566550037947442,12.627970003296188,14.510287065900735,11.33336103428884,8.01304800653696,18.219492701732523,6.542463763009442,15.632889453472538,2.87906343970522,2.829522662486973,1.021976418082901,5.290946049315793,7.225000277928685,6.044963188232552,16.43445954223692,13.1294530905903,9.55196096549397,2.75879906707856,19.16236466385587,11.849070943579816,7.398560398104367,15.499715100606918,14.29908354811924
11.941579343757226,10.847867533621551,5.216923159818452,11.358487687454424,9.737115161671687,13.605091725965671,12.411438716443561,4.43539595888652,3.2100155709884834,3.4593976045392445,8.457645360712425,0.0,9.209065184227502,3.626058959724009,9.290308870102104,8.05180503581853,12.804218845748398,17.433607019817956,5.433171855030857,8.846021931736573,4.591286673918147,12.374924917201104,6.026906687490128,3.134442154489289,6.743888427248142,17.176857862633508,17.91752778604179,13.115978097042333,5.688039969006775,5.553437563314658,2.8791177655406135,11.934903324485013,3.569800043337958,9.423202824948582,13.43530495461397,11.200451929755934,11.087138179588411,11.775281274843351,12.180141382747374,5.268964473962098,13.715966816888304,6.175239562266613,0.9310531974190631,11.16335081323268,13.4051366670113,7.988284797308584,11.140118716949392,10.95480982107562,5.274772226979378,7.9020567560122315,7.960625685809572,2.9140185744528067,13.888815013781358,8.287117611184296,6.011658720615077,4.143114241001777,16.749301282312654,12.711729068045056,11.940719404423632,13.801586637073902,15.673899431591833,5.207875932984411,1.8826481666754133,15.373960549132537,6.9808733747946965,4.0305018162113715,3.875071798868746,14.498542595056117,8.46237482488843,12.328567590538785,15.085121468960718,4.749079216656789,6.655707947021407,7.57665958858709,5.637773570649517,13.938877195536552,4.111528246909945,15.625583680536673,11.62278083722651,7.407758565099663,5.627669027449774,8.326956127142989,10.481628855811783,3.687160086172247,7.198608996338743,11.105432922838526,5.648156348807169,8.75577431421889,8.878329990225977,15.06070353168993,5.221363190798966,17.44317175312001,5.978456407345927,12.283592066989147,5.8496344984855275,11.59998847008356,14.559527168254515,1.098687333111097,14.417969767029254,15.643709394440545
3.8025041866967144,7.199154019181985,14.351512608982686,9.000690487552225,3.581522836683686,10.37857031566082,14.27353369591222,13.596714912522874,6.24913575525832,9.987107955426994,13.486877926284574,9.209065184227502,0.0,7.90235210765332,15.217972054430975,12.857098003863019,9.303215953251541,11.341782182447123,14.28483295142838,8.616997119573208,9.459456342679577,9.707128451297118,5.0383159089085146,6.241868338118138,12.285753498759302,11.421849870543268,10.97637579277076,4.190944036914279,14.43633019246082,13.028083011841678,10.482129632378927,11.977389553633675,6.256419570224437,7.01692816210853,9.411882582789286,13.768168062852354,10.038426970065018,5.691286074452742,15.973878390077575,13.687197770226383,9.623588632621022,14.834022268864917,9.83255158782514,6.773720859635514,11.48171414866103,7.622555057711128,8.145296468020796,9.145005221851553,7.370718796991131,16.698261759880317,9.909994284533713,6.412991223407234,14.757645880780109,1.1789816092184144,15.167586512885373,13.130735262984512,10.543224823847277,4.311268424532654,14.343466938586092,10.901581965624711,8.128471222855598,13.973448601041541,8.832897330317325,8.19247200747698,11.422786322014803,11.400807956074907,11.730174261587942,14.28788050692168,2.167128402889397,4.292091794993842,15.578574314451748,9.820135427670342,15.58213212476667,6.646315467546766,13.623843656435923,14.912646923786742,9.140751241341622,16.0885219685077,4.8285343852699745,4.991976040125733,3.658117924777087,6.397003268736022,8.19732092333223,12.4566641075105,10.034664451813132,16.277753644813334,11.34755721309681,13.027529138973295,9.590033380643659,16.8851240110789,13.8015764911235,10.586433766255208,5.079871080681032,9.276440039999423,11.090182984871838,8.383109298885765,10.347554601995407,9.17948838832399,6.413157845865208,9.585933089168353
9.634412860757438,11.960331839218208,7.300758696131003,7.775358039869838,9.747862375697746,10.029652259484081,15.335215471410757,6.693920865193091,2.3351052340909804,6.852899223468622,11.885906101215816,3.626058959724009,7.90235210765332,0.0,12.864598820885131,11.420964684152322,9.276355726072635,18.039285190695466,8.730686861376629,10.879437170687812,1.7689275143642906,8.786711272595063,3.2706440208786987,2.4943300148783454,10.188102953309112,17.913620916770878,18.158212154087792,12.090364053194637,6.887626986855216,5.134135352723458,6.4595399993354,14.346446309996077,1.8963493894399381,5.961375949623084,9.944703476153174,14.237773003252377,7.4613110017947175,12.083936553894556,15.510062967326476,8.785984457397312,14.91738192533167,9.558101631125473,4.550242755952207,12.045226255090734,15.313702530432165,4.3966581632503425,12.514602362279375,12.71160961961076,7.394728080527046,9.077221467059257,4.482252871560282,2.552931779904285,16.626431022927775,6.760662091608444,8.855110148357076,7.405682986363959,17.284918770145413,12.044171793791795,14.97270287249321,15.417390801884672,15.559912445049454,8.57657109458618,1.8685570193433145,15.42810439822934,4.286588252453753,7.632047410800058,3.984693797476609,16.972634146401873,8.05582559414727,9.933572248849575,17.77125353580105,7.896584442307941,9.825048283319083,9.118522932623573,5.788737674625029,16.705330561060375,1.3170653936317802,18.322364548254114,11.633790787152801,4.40349609176382,4.434255655259879,9.65829183750312,6.926599927270476,7.145482803324609,3.85818739079935,14.625376385802793,9.057177881266488,12.051858493286877,11.224405686616896,18.06936418249261,8.682898250569723,17.711512246864302,3.2162577653329083,13.758451069574079,9.170720523886546,8.090920397922266,15.767498883967495,4.551029570848075,14.026202403813233,16.20051379642202
18.887892894671552,11.56932757888859,9.95386305799079,20.376864223573303,13.356234103750287,22.57194519721215,6.30099804906756,9.540664470457061,11.58992751058499,6.09543297444165,1.9272048492869815,9.290308870102104,15.217972054430975,12.864598820885131,0.0,2.5269302972803804,21.671195932476323,17.472466154597928,6.483383628761669,8.20443540038901,13.839312376232433,21.392355272512166,14.483587982768187,11.419531636313904,2.972966435496026,16.92825023221478,18.779339500221056,17.670830046230666,11.606351696700868,13.408923948429246,6.414404078540735,8.175470573287665,12.180661082114783,18.267233323609148,22.209927288638436,5.043550342280066,20.28618303350216,14.009240851085382,4.01635405096838,5.388271361492463,13.105580529268877,5.82607811738525,8.416786961321012,12.314098214947666,10.807632637064689,17.083805413529227,11.04444378548281,9.862989748644171,7.847272776916612,12.670289206805652,17.25054872520368,11.193211360824618,8.116386685531229,14.876686571822503,8.109889899504273,7.118657409310634,17.10276645672016,16.677239611299047,5.483504582584643,11.978699718997408,17.801343589594843,6.236226223236553,11.170263901411477,17.182086076887387,16.044874746303787,5.265236453659173,12.04189737505227,9.588837903525388,13.354433438338386,19.361740092573125,9.213324140906943,5.555023955095301,6.842881512197871,9.216787738573624,12.911353352029362,8.032763090644718,13.38164630813464,9.594619764930389,14.54327150405442,15.86617358817378,12.839342983891113,9.918950398412314,19.45359792320136,6.67004841893461,16.473657087981465,1.9872434774143448,4.049675399252703,2.8359651894372746,7.2091588760380585,7.874658688363256,5.751226291486097,18.323196188608225,14.44927015823833,11.419775440421626,4.184051822603416,20.455853853880377,13.677399445922996,8.313592378797674,17.423712860522595,16.18654676983194
16.581219217019797,9.07325721788328,10.045742999676301,18.618526636281793,10.85120140004935,20.760127393911674,5.0722367838691005,9.47115205657674,9.83080743378204,4.603034745401408,0.6336161025812994,8.05180503581853,12.857098003863019,11.420964684152322,2.5269302972803804,0.0,19.814125424794153,15.135692552061274,6.895562797969804,5.702917258961856,12.631408814499915,19.622710660968984,12.60287768988669,9.648144665884395,1.3834856359067644,14.617460579398958,16.374339185358092,15.16729329358275,11.554588568046945,12.890232406805044,5.275903759622091,6.1905454140592555,10.45079842697342,16.44291542552925,20.304014951593818,3.706682460765389,18.678207312532493,11.486092206791918,4.129023094931468,5.648115074653836,10.76052402098933,6.520305220124318,7.297121321138967,9.808939114524664,8.703338413167259,15.422453469724962,8.590979519957532,7.46814895208822,5.52028704878216,13.007512593257655,15.895410766494399,9.438902270414943,6.858849024672706,12.597985632863432,8.632071551927242,7.069934802711612,14.726443443311357,14.159443261257106,4.373624410113809,9.77593505904159,15.302769690890944,6.553808458059655,9.904986136229429,14.69450168223785,15.020096418722588,4.35475809901444,11.358198346172294,8.069486302895323,10.928663122953798,17.061424139345004,8.061126207091881,3.5973163763367064,7.667081391353552,6.7045376363309455,12.557580963340975,6.831263864380705,12.138062105278014,8.531649531373159,12.016523247524717,13.944947012439647,10.739726240204515,7.3948650834710765,17.678291108148475,6.385533306760601,15.196423041981536,3.4753157994273147,2.404659447650088,0.8404345310088097,4.741563806155595,7.350973685733983,6.037132208829071,15.911684338376714,12.57412316445589,9.055941768021047,2.252503680803465,18.606822530971144,11.382361672289734,6.976573026431412,14.898945550845438,13.778802951047526
6.882842809772556,16.43167291274186,16.144203128483273,1.678096393448894,12.875165763814094,1.0762264948594367,22.635964323432802,15.67947978035651,10.083842474719662,15.58816493942864,20.37178789776466,12.804218845748398,9.303215953251541,9.276355726072635,21.671195932476323,19.814125424794153,0.0,20.227800907879313,17.999630182517066,17.17955726731953,9.25272808315131,1.0506317527642932,7.212494081900747,10.25222914376672,18.782866417920392,20.419454853947624,19.47748030995782,11.862589002343231,15.21887515340449,12.605089179856108,15.461354939574226,20.769376489471583,9.506002519516485,3.4100265282997575,0.7962183502042163,21.83489999668298,3.0031596460781858,14.94766372680977,23.63620967957108,18.045811972654047,18.92610525711695,18.83371939013858,13.73362303422368,16.06037983048583,20.662012311909695,4.9123589743524825,17.3391347460239,18.19020505948793,14.644068598124125,17.01332283288246,6.356971499124601,10.480185288194281,23.46366929329475,8.615543572232056,17.984619399891283,16.676001083171517,19.437793138571,12.735964975212834,22.510220815796455,20.175053534372164,16.54437465107739,17.852344999868734,11.144742886723115,16.839501741602398,8.945605014673916,16.63901994719483,12.40847308331369,23.25258845485043,11.246144694511345,6.656198177116272,24.41994334570869,16.23708274752793,19.05859516048883,15.093899232715444,13.543825035557914,23.59479823805491,9.449235219132067,24.95505058076422,14.020489016589863,5.882209309989717,9.284972912778674,15.146557030179412,2.362276065773052,16.41495810233742,7.252443119694158,23.236523340431777,17.654107641528018,20.274268614625527,17.960702228779592,25.37889413450825,17.955197030795734,19.172116851770216,7.2425469424793745,18.519923284563813,17.62456681895054,1.2160745467856675,19.641228496215085,13.55830249875578,14.734988119074822,18.596926387691273
13.45540463278933,6.701055516200503,22.30715734483283,20.216558327404258,8.355380041478604,21.26828275431837,12.384823105154416,21.51742758492737,15.783488980619495,15.805034590562599,15.623101177542235,17.433607019817956,11.341782182447123,18.039285190695466,17.472466154597928,15.135692552061274,20.227800907879313,0.0,20.539679342952617,9.714441525238968,19.79742423826017,20.809817026964808,15.99300290760508,15.663664903265232,15.656390225543841,0.6766877445552094,1.8378641351268121,8.4924888401717,23.094292763138498,22.67327088544448,16.79616511770236,9.606981943771066,16.143723406939174,18.34102941578825,20.1416378718968,13.03105579831689,21.35234859324076,5.973671423746748,15.4338834464319,19.43404860613634,4.375263401767312,20.62160050779422,17.523585590853507,6.279592719587171,7.002752954811962,18.912747978863177,6.753712209500148,7.683151639928824,12.493323809631846,25.24269087046537,21.063788027734997,15.697077085126088,11.352954773372838,12.394057620337897,22.056155914621993,19.91372689916716,0.7990660011817778,7.497135246159474,13.05243587914687,5.665956427845684,3.9378408820527318,20.151959122578674,18.121113241472816,3.4484336623998044,22.150726913662943,16.989538634056764,21.073507686587753,9.800883548489931,10.162245412774366,13.787996886737462,11.228769496099703,14.60807663146374,21.718958506915843,10.037860240919953,22.971091607117494,11.546256800251538,19.35451778384663,11.433185064824817,6.59491549822233,16.27045022688773,13.762268188958108,9.209106232858737,19.47424887369978,19.057804579893883,21.031302703196225,17.213225476601313,15.479862625012212,14.644534185025549,10.473943033875411,13.549036988180683,19.739328004666206,1.662301165052621,16.020853423723207,6.081756184337706,14.99059714611323,19.486735667418326,3.822189953585276,16.735420472326275,5.622660468565826,1.8390815867432564
17.295816574788127,13.878855124485023,3.508280288077512,16.462355257095815,13.97696562779707,18.716474844265203,11.964446880776606,3.2334323828041764,8.62473496456458,4.8264151176483345,6.884687195044021,5.433171855030857,14.28483295142838,8.730686861376629,6.483383628761669,6.895562797969804,17.999630182517066,20.539679342952617,0.0,10.912277176745205,8.996867408069027,17.46107794433301,11.452683169763695,8.531528014587348,5.664412084987159,20.14104549584883,21.406409237265805,17.872996892100662,5.200351441229339,7.3771168444351485,3.9742460975045364,12.775520801661925,9.002603124579446,14.687608501930564,18.675035567832737,10.597769031885205,15.951785087327284,15.571226221813138,10.388886092747876,1.252695093515064,16.335080640325202,0.9034207842213016,4.59668701950147,14.426172862841135,15.00083942141248,13.09619981246501,13.802281642420297,13.095984781339887,8.239558395333809,6.212444238500807,12.462995874503237,8.300643499274832,13.753804900631668,13.491007046592667,1.7370540857065768,1.3252634507668155,19.971909717464523,17.24860537561594,11.242625815948792,15.82533805780671,19.616435801459648,0.3888122562292746,6.868319639336071,19.173333038140697,10.65083808695779,3.550533052949775,6.3535291465164345,14.907095615927078,13.117844371818954,17.70001816760082,14.956493845642365,5.931938030209999,1.303935947535176,10.623307338498698,6.712155339794066,13.726665337678057,8.673551238095227,15.423338588690035,15.699439693270904,12.820979982284705,10.887105810944902,11.477720765576116,15.64243042431349,1.829909150670065,11.561979295140102,8.454009193616725,5.296801202429439,7.730366218080715,10.385981292134755,14.080588376946023,0.8711804595358715,20.92412501187621,11.403385450194827,14.671552958316056,5.789648976987192,16.820176756092728,17.098745183751422,5.136896164414052,18.661695561037746,18.90539994251767
12.396189658016622,3.370652693637897,13.073159549221671,16.36781032071471,5.714850479667856,18.227966235976197,5.656624853597324,12.317023367025158,8.621585507987401,6.365251827900703,6.278049322209158,8.846021931736573,8.616997119573208,10.879437170687812,8.20443540038901,5.702917258961856,17.17955726731953,9.714441525238968,10.912277176745205,0.0,12.551913511551996,17.280323496667634,10.47274762128722,8.440225247098407,5.9922268217657155,9.271252501600326,10.788682468729583,9.910635386188327,14.136225140269561,14.398821897020545,7.403720327178843,3.6276182539515216,9.204811341775807,14.121862756743496,17.484690564837955,5.250733752827568,16.889731485553238,5.851242731442849,7.6375619697216175,9.76431280174044,5.429786410436968,10.933598669647013,8.619175932449068,4.109675538279925,4.560205087757185,13.714384885994631,2.9787974103428714,2.211836619237978,3.600603793021887,16.114492557419837,15.048910003225894,8.340920856936753,6.284868052931712,8.81058085453281,12.50383913944807,10.424713958127457,9.215685351094402,8.77816423281741,5.765534171904794,5.046799437065793,9.600190332816824,10.523496116864173,10.151063581656985,8.993596432891254,15.129439189969753,7.388102541390526,12.720620341600457,6.217826910831338,6.45683422791494,12.884684912786604,7.261313180970078,5.019427451107205,12.048807070785337,2.0857461088823546,14.444776558644687,6.419131486016549,12.035616042381726,7.804378225999543,6.493563909081235,11.509343579191924,8.035793794776541,2.2352617756287225,15.431500128660005,9.568176324260618,14.630058853095457,8.549640573343456,5.7666048710524755,5.4341317418366435,1.0882820107779287,8.295753193787215,10.086376035724177,10.315939560753023,10.467827459476112,3.7598918357735807,5.276302127793759,16.062174437262236,6.18653648239544,7.893470240273631,9.268631972041891,8.20638726674006
10.778480908787229,13.724754281883268,6.892912374058346,7.6284738536899015,11.488781042921307,9.852416020989782,16.798918641442846,6.436377040634294,4.0957509523437725,8.028899995967475,13.047554311433633,4.591286673918147,9.459456342679577,1.7689275143642906,13.839312376232433,12.631408814499915,9.25272808315131,19.79742423826017,8.996867408069027,12.551913511551996,0.0,8.590529283771094,4.5466687639554975,4.247931171113336,11.334089652327767,19.67755319539601,19.889245924033332,13.646646722820263,6.089768673351256,3.8328784733876695,7.456205636690765,15.962808411875805,3.6616921604191797,6.216018263925588,9.989076077582698,15.649740935475249,6.970062044149433,13.836110819590735,16.755744391048598,9.291410200063515,16.682284376614298,9.87754490978213,5.426157968026464,13.814055235969775,17.02302719713018,4.405432223388114,14.267593343373736,14.43146045019052,9.015112403950607,8.113592731089655,3.493034545084273,4.285438699800543,18.160814740342413,8.292851557136832,8.774283408742653,7.7075913775267075,19.040153899353438,13.676869216471815,16.389239481717468,17.15876290100699,17.25839273792119,8.916091043048,2.7269286664792936,17.147271015723458,2.5787406278848777,8.57671640846097,3.1831385590686403,18.58247166532498,9.770742655201493,11.02362977490385,19.32479650622367,9.220744125157275,9.939267552888378,10.843120368393667,4.647171236630674,18.2304119736887,0.5212396856849272,19.87386890930459,13.364248617872573,5.3633446390017765,6.126809911275525,11.40452164735593,6.907001367245259,7.641754928372019,2.6467646231040733,15.684627856357922,10.2315282601972,13.315814022111091,12.839821045188629,19.50348924039347,9.118991397036426,19.446080475072392,4.496157811902353,15.507520650759856,10.408663567195084,8.146985585080609,17.53288635089909,5.654878052765503,15.691872750557723,17.958393512222887
